801	1000
1201	1400
1401	1600
1601	1800
1801	2000
2601	2800
3001	3200
3201	3400
3401	3600
4601	4800
6001	6200
7401	7600
9001	9200
10001	10200
10201	10400
10401	10600
10601	10800
11401	11600
12801	13000
14001	14200
14401	14600
14601	14800
15401	15600
15801	16000
16401	16600
17201	17400
17401	17600
17601	17800
19201	19400
19601	19800
19801	20000
20401	20600
20601	20800
21801	22000
22001	22200
22601	22800
23201	23400
24201	24400
24401	24600
25001	25200
25401	25600
25601	25800
25801	26000
26201	26400
26601	26800
28001	28200
28401	28600
28801	29000
29201	29400
29401	29600
30001	30200
30201	30400
30401	30600
31801	32000
32001	32200
32601	32800
32801	33000
33801	34000
34601	34800
35601	35800
35801	36000
36001	36200
36201	36400
38801	39000
41001	41200
41801	42000
42001	42200
44601	44800
45201	45400
45401	45600
47001	47200
48201	48400
48401	48600
48601	48800
49001	49200
49601	49800
50001	50200
51401	51600
52001	52200
52201	52400
54201	54400
57001	57200
57801	58000
60601	60800
61601	61800
61801	62000
62201	62400
63801	64000
64001	64200
66201	66400
66601	66800
67401	67600
68201	68400
68401	68600
70401	70600
72001	72200
72201	72400
73401	73600
74801	75000
75601	75800
75801	76000
77001	77200
78201	78400
78601	78800
80201	80400
81601	81800
82401	82600
83201	83400
83801	84000
84601	84800
85601	85800
87001	87200
87401	87600
87801	88000
88601	88800
90001	90200
90201	90400
90401	90600
90801	91000
91801	92000
93801	94000
94201	94400
94801	95000
96401	96600
96601	96800
97401	97600
97801	98000
99001	99200
100401	100600
101001	101200
102201	102400
102801	103000
103801	104000
106601	106800
106801	107000
107001	107200
108001	108200
108201	108400
109201	109400
110401	110600
110801	111000
111201	111400
111401	111600
112401	112600
113001	113200
114001	114200
114201	114400
115001	115200
117401	117600
118001	118200
118601	118800
118801	119000
119201	119400
119401	119600
120601	120800
125001	125200
126801	127000
127001	127200
127801	128000
130401	130600
130601	130800
131401	131600
131601	131800
132201	132400
133001	133200
133601	133800
136401	136600
137001	137200
137401	137600
137601	137800
137801	138000
138201	138400
140601	140800
143001	143200
143201	143400
143601	143800
144801	145000
145601	145800
148201	148400
148401	148600
150601	150800
150801	151000
151201	151400
151401	151600
153801	154000
154401	154600
154801	155000
155201	155400
155801	156000
156001	156200
156201	156400
156401	156600
157001	157200
157401	157600
158401	158600
160001	160200
160801	161000
161401	161600
166001	166200
167201	167400
168801	169000
170001	170200
170801	171000
173601	173800
174401	174600
174801	175000
175001	175200
177601	177800
177801	178000
178201	178400
179801	180000
182201	182400
182401	182600
182601	182800
182801	183000
184001	184200
184201	184400
185201	185400
186001	186200
186201	186400
186401	186600
186801	187000
188601	188800
188801	189000
189601	189800
189801	190000
190601	190800
191201	191400
191601	191800
193001	193200
195601	195800
196001	196200
196201	196400
196801	197000
197401	197600
199401	199600
199601	199800
200001	200200
201001	201200
203201	203400
205401	205600
206201	206400
206601	206800
207001	207200
207601	207800
208001	208200
208601	208800
208801	209000
209001	209200
210801	211000
211601	211800
212601	212800
213601	213800
213801	214000
216001	216200
217401	217600
218401	218600
219801	220000
220001	220200
220601	220800
223801	224000
224001	224200
225001	225200
226401	226600
226801	227000
228401	228600
230201	230400
230801	231000
231401	231600
231601	231800
232001	232200
236001	236200
238801	239000
239401	239600
240001	240200
241401	241600
241801	242000
243201	243400
244801	245000
245201	245400
246401	246600
247001	247200
247601	247800
247801	248000
248201	248400
248801	249000
249401	249600
249601	249800
250001	250200
251401	251600
251601	251800
252001	252200
252601	252800
254201	254400
254801	255000
255001	255200
255201	255400
257201	257400
257601	257800
257801	258000
259601	259800
260801	261000
261201	261400
262201	262400
262401	262600
263001	263200
266401	266600
267401	267600
267801	268000
268601	268800
269601	269800
270201	270400
271401	271600
271801	272000
272001	272200
274401	274600
274801	275000
275601	275800
276401	276600
277801	278000
279201	279400
279401	279600
282401	282600
283801	284000
284001	284200
286601	286800
287401	287600
291401	291600
292201	292400
296401	296600
296801	297000
297001	297200
299401	299600
301201	301400
302601	302800
303201	303400
303801	304000
304601	304800
304801	305000
305601	305800
306201	306400
306801	307000
308001	308200
309401	309600
309601	309800
311001	311200
311201	311400
316801	317000
317001	317200
318601	318800
318801	319000
321401	321600
322401	322600
323201	323400
324601	324800
324801	325000
325401	325600
327001	327200
328401	328600
329001	329200
333201	333400
333601	333800
334601	334800
335001	335200
335201	335400
335601	335800
336401	336600
336601	336800
338201	338400
338801	339000
339201	339400
339601	339800
342001	342200
342201	342400
342801	343000
343201	343400
345801	346000
346001	346200
346601	346800
347401	347600
348401	348600
350401	350600
352201	352400
352401	352600
352601	352800
353001	353200
353801	354000
354401	354600
354601	354800
355401	355600
355601	355800
356201	356400
356601	356800
357601	357800
359401	359600
360001	360200
360401	360600
360801	361000
361001	361200
361801	362000
362201	362400
363201	363400
366001	366200
366601	366800
368801	369000
371401	371600
371601	371800
372601	372800
373201	373400
374001	374200
375401	375600
375801	376000
376001	376200
376201	376400
376401	376600
376801	377000
378001	378200
378401	378600
378601	378800
379201	379400
379801	380000
381401	381600
382001	382200
383001	383200
384001	384200
384801	385000
386201	386400
386601	386800
387001	387200
387401	387600
387601	387800
388201	388400
389601	389800
392201	392400
394401	394600
395401	395600
399401	399600
401401	401600
401601	401800
401801	402000
402001	402200
402401	402600
402801	403000
404601	404800
405001	405200
406801	407000
407001	407200
407601	407800
408401	408600
409401	409600
413001	413200
417401	417600
419201	419400
421401	421600
422201	422400
422801	423000
424801	425000
425601	425800
427001	427200
427601	427800
430001	430200
430201	430400
430801	431000
433601	433800
433801	434000
435201	435400
436601	436800
437601	437800
438401	438600
439401	439600
439801	440000
440401	440600
441201	441400
442401	442600
442601	442800
443001	443200
443601	443800
444001	444200
444801	445000
445001	445200
445401	445600
445601	445800
445801	446000
446201	446400
447801	448000
448001	448200
450001	450200
451201	451400
452601	452800
453201	453400
454201	454400
454401	454600
455601	455800
455801	456000
456201	456400
456401	456600
457401	457600
457601	457800
458401	458600
460601	460800
460801	461000
461201	461400
461401	461600
462001	462200
462401	462600
463401	463600
463601	463800
464001	464200
464201	464400
464401	464600
465601	465800
466201	466400
467401	467600
467601	467800
467801	468000
468601	468800
469001	469200
472601	472800
473401	473600
473801	474000
475401	475600
476401	476600
476801	477000
478401	478600
478601	478800
479401	479600
479601	479800
479801	480000
480001	480200
480801	481000
482601	482800
483001	483200
483201	483400
483801	484000
484401	484600
486601	486800
486801	487000
487001	487200
487201	487400
487801	488000
488801	489000
489201	489400
489401	489600
489801	490000
492401	492600
494401	494600
496401	496600
496801	497000
497801	498000
501401	501600
501601	501800
502201	502400
503001	503200
504001	504200
507001	507200
509001	509200
510601	510800
511201	511400
512801	513000
513001	513200
513801	514000
516401	516600
516801	517000
518001	518200
519001	519200
519201	519400
519801	520000
520001	520200
520601	520800
522001	522200
523401	523600
525601	525800
527001	527200
527401	527600
527601	527800
527801	528000
528601	528800
529001	529200
532201	532400
532801	533000
533001	533200
533201	533400
534001	534200
535201	535400
535601	535800
535801	536000
536201	536400
537401	537600
539401	539600
539601	539800
539801	540000
540601	540800
541201	541400
541401	541600
543001	543200
543201	543400
544201	544400
545001	545200
546201	546400
547401	547600
548201	548400
550401	550600
550801	551000
553601	553800
554401	554600
556201	556400
558401	558600
560601	560800
561001	561200
561601	561800
561801	562000
563801	564000
564201	564400
568201	568400
569201	569400
569601	569800
569801	570000
570201	570400
571601	571800
571801	572000
573601	573800
574601	574800
574801	575000
575801	576000
576801	577000
577001	577200
577601	577800
578801	579000
579001	579200
579801	580000
580601	580800
581401	581600
584201	584400
585001	585200
585201	585400
585601	585800
586001	586200
586201	586400
586801	587000
587001	587200
588401	588600
589801	590000
591201	591400
594401	594600
594801	595000
595001	595200
595601	595800
596201	596400
596601	596800
598401	598600
598801	599000
599801	600000
600201	600400
601001	601200
602801	603000
603601	603800
605001	605200
606001	606200
606801	607000
609601	609800
610401	610600
613401	613600
613801	614000
615001	615200
616201	616400
617001	617200
617601	617800
618601	618800
619201	619400
619401	619600
619801	620000
621001	621200
621601	621800
622201	622400
623401	623600
623801	624000
624001	624200
625201	625400
627201	627400
630401	630600
631801	632000
632001	632200
633601	633800
634401	634600
634801	635000
635801	636000
636001	636200
636601	636800
637201	637400
638201	638400
638801	639000
639001	639200
639401	639600
640001	640200
640801	641000
643001	643200
644201	644400
644401	644600
646801	647000
647601	647800
648601	648800
649801	650000
651401	651600
652801	653000
653001	653200
653201	653400
653401	653600
654201	654400
656801	657000
657201	657400
658601	658800
659201	659400
661201	661400
662601	662800
663001	663200
665001	665200
665201	665400
667001	667200
670001	670200
670201	670400
671201	671400
672001	672200
672201	672400
675201	675400
679201	679400
680001	680200
680201	680400
680401	680600
682001	682200
682601	682800
683201	683400
684201	684400
686001	686200
686401	686600
687601	687800
688201	688400
689401	689600
690201	690400
690601	690800
692201	692400
693601	693800
693801	694000
695601	695800
696001	696200
697801	698000
698401	698600
700401	700600
701201	701400
701601	701800
703001	703200
704601	704800
705801	706000
706201	706400
706801	707000
707001	707200
707401	707600
707601	707800
707801	708000
708001	708200
709801	710000
712401	712600
715401	715600
716601	716800
718801	719000
719401	719600
720801	721000
722201	722400
722601	722800
723001	723200
725801	726000
726401	726600
727001	727200
727201	727400
727601	727800
728601	728800
729601	729800
730401	730600
730601	730800
730801	731000
733001	733200
733201	733400
733801	734000
735201	735400
739401	739600
739601	739800
739801	740000
740001	740200
741001	741200
741601	741800
744201	744400
744601	744800
745801	746000
747801	748000
748201	748400
750201	750400
750601	750800
750801	751000
751001	751200
751401	751600
752001	752200
752801	753000
753401	753600
754001	754200
754201	754400
758201	758400
758401	758600
758601	758800
758801	759000
759201	759400
760001	760200
761001	761200
761401	761600
761801	762000
762401	762600
763201	763400
763801	764000
764201	764400
764401	764600
764601	764800
765001	765200
765201	765400
766201	766400
767001	767200
767201	767400
767601	767800
769801	770000
770401	770600
771801	772000
772201	772400
772601	772800
773201	773400
776401	776600
776601	776800
776801	777000
777201	777400
777801	778000
778401	778600
778601	778800
779001	779200
780801	781000
781001	781200
783001	783200
783401	783600
787401	787600
787801	788000
788201	788400
788401	788600
788801	789000
789401	789600
790601	790800
790801	791000
792601	792800
792801	793000
793001	793200
793401	793600
793601	793800
794801	795000
797801	798000
799801	800000
800001	800200
800801	801000
801001	801200
801201	801400
801801	802000
802601	802800
802801	803000
803401	803600
803601	803800
804401	804600
804601	804800
805801	806000
806601	806800
806801	807000
807001	807200
807601	807800
809401	809600
809801	810000
810801	811000
811201	811400
812601	812800
814801	815000
815801	816000
816001	816200
816201	816400
816801	817000
817201	817400
818401	818600
820201	820400
820401	820600
821201	821400
822201	822400
822401	822600
823201	823400
824201	824400
826001	826200
826201	826400
826401	826600
826801	827000
827201	827400
827601	827800
827801	828000
828801	829000
831201	831400
831601	831800
832201	832400
833001	833200
833201	833400
834601	834800
835601	835800
837201	837400
837401	837600
838001	838200
838401	838600
839801	840000
840201	840400
840401	840600
841001	841200
842201	842400
842601	842800
843601	843800
845601	845800
846001	846200
846401	846600
846801	847000
849001	849200
849201	849400
852201	852400
858601	858800
860001	860200
861001	861200
861401	861600
861801	862000
862801	863000
865001	865200
866601	866800
867001	867200
869401	869600
869801	870000
872401	872600
872801	873000
875001	875200
875401	875600
876401	876600
876601	876800
877601	877800
881801	882000
882201	882400
883201	883400
883401	883600
883801	884000
884601	884800
887601	887800
888601	888800
889601	889800
891401	891600
894801	895000
895801	896000
896201	896400
900001	900200
900201	900400
900801	901000
901401	901600
902401	902600
904801	905000
905001	905200
908201	908400
909601	909800
909801	910000
910201	910400
910801	911000
911601	911800
911801	912000
915801	916000
917401	917600
919801	920000
920001	920200
921201	921400
921601	921800
922201	922400
922401	922600
922601	922800
923001	923200
923201	923400
923401	923600
924201	924400
925201	925400
925401	925600
926201	926400
927001	927200
928801	929000
929001	929200
930601	930800
931001	931200
934001	934200
934401	934600
934801	935000
936201	936400
939401	939600
940001	940200
940801	941000
941201	941400
941601	941800
942801	943000
943201	943400
943801	944000
945001	945200
945201	945400
945601	945800
945801	946000
948001	948200
948201	948400
950001	950200
950801	951000
951201	951400
952001	952200
952401	952600
955001	955200
955801	956000
957201	957400
957401	957600
957801	958000
958001	958200
958201	958400
959601	959800
959801	960000
960001	960200
961001	961200
961201	961400
962001	962200
962201	962400
963801	964000
964401	964600
964601	964800
965201	965400
965601	965800
967401	967600
967601	967800
968401	968600
969001	969200
969401	969600
969801	970000
971401	971600
972001	972200
972201	972400
973201	973400
973801	974000
974001	974200
977801	978000
978201	978400
978401	978600
978801	979000
979001	979200
979201	979400
979801	980000
980201	980400
980801	981000
982801	983000
983801	984000
984001	984200
984401	984600
985001	985200
985401	985600
987001	987200
988201	988400
988401	988600
989001	989200
989801	990000
991601	991800
991801	992000
994201	994400
994801	995000
997401	997600
997801	998000
998601	998800
999201	999400
999401	999600
999601	999800
1000201	1000400
1000401	1000600
1000801	1001000
1002201	1002400
1002801	1003000
1003201	1003400
1004201	1004400
1005001	1005200
1005401	1005600
1005801	1006000
1006001	1006200
1006201	1006400
1006401	1006600
1008401	1008600
1008801	1009000
1009201	1009400
1009401	1009600
1009801	1010000
1010401	1010600
1010601	1010800
1011401	1011600
1013601	1013800
1014001	1014200
1014801	1015000
1015201	1015400
1015601	1015800
1016201	1016400
1016601	1016800
1016801	1017000
1018201	1018400
1018401	1018600
1018601	1018800
1018801	1019000
1019001	1019200
1019201	1019400
1019801	1020000
1020001	1020200
1020401	1020600
1020601	1020800
1020801	1021000
1021201	1021400
1021601	1021800
1022801	1023000
1023001	1023200
1023201	1023400
1024401	1024600
1024601	1024800
1025401	1025600
1026801	1027000
1027801	1028000
1028201	1028400
1029401	1029600
1029801	1030000
1030001	1030200
1030201	1030400
1033801	1034000
1034401	1034600
1036201	1036400
1036801	1037000
1037001	1037200
1037201	1037400
1037801	1038000
1038601	1038800
1039201	1039400
1039801	1040000
1040401	1040600
1041001	1041200
1041801	1042000
1042201	1042400
1043201	1043400
1044201	1044400
1046201	1046400
1047601	1047800
1048201	1048400
1048601	1048800
1049401	1049600
1049601	1049800
1051001	1051200
1051401	1051600
1053601	1053800
1054401	1054600
1055601	1055800
1056401	1056600
1058201	1058400
1058601	1058800
1059201	1059400
1059601	1059800
1059801	1060000
1061401	1061600
1061601	1061800
1062401	1062600
1062601	1062800
1062801	1063000
1063001	1063200
1063601	1063800
1064201	1064400
1066601	1066800
1066801	1067000
1069201	1069400
1069401	1069600
1070001	1070200
1070401	1070600
1071201	1071400
1071601	1071800
1074201	1074400
1075201	1075400
1076601	1076800
1077401	1077600
1078801	1079000
1079801	1080000
1080001	1080200
1081201	1081400
1082001	1082200
1083401	1083600
1083601	1083800
1083801	1084000
1084201	1084400
1084801	1085000
1085001	1085200
1086201	1086400
1086801	1087000
1092801	1093000
1093201	1093400
1093401	1093600
1096601	1096800
1097401	1097600
1098001	1098200
1100801	1101000
1101201	1101400
1103801	1104000
1104201	1104400
1104401	1104600
1105001	1105200
1105201	1105400
1106601	1106800
1108001	1108200
1108801	1109000
1109001	1109200
1109401	1109600
1110601	1110800
1111001	1111200
1111401	1111600
1111801	1112000
1112401	1112600
1113001	1113200
1113801	1114000
1114001	1114200
1114401	1114600
1115601	1115800
1116001	1116200
1116401	1116600
1117201	1117400
1119601	1119800
1120601	1120800
1121001	1121200
1121801	1122000
1122001	1122200
1123801	1124000
1125201	1125400
1125401	1125600
1126201	1126400
1127401	1127600
1127801	1128000
1129601	1129800
1130201	1130400
1130401	1130600
1131401	1131600
1131801	1132000
1132401	1132600
1133801	1134000
1134001	1134200
1134201	1134400
1134401	1134600
1134801	1135000
1137001	1137200
1138201	1138400
1138601	1138800
1138801	1139000
1139601	1139800
1140801	1141000
1141201	1141400
1142001	1142200
1142201	1142400
1146401	1146600
1146601	1146800
1146801	1147000
1148001	1148200
1150801	1151000
1151601	1151800
1152201	1152400
1154201	1154400
1156601	1156800
1156801	1157000
1157601	1157800
1157801	1158000
1158201	1158400
1160801	1161000
1161401	1161600
1162001	1162200
1162201	1162400
1162401	1162600
1162601	1162800
1163401	1163600
1166201	1166400
1167201	1167400
1167601	1167800
1170201	1170400
1170401	1170600
1170801	1171000
1171401	1171600
1173401	1173600
1173801	1174000
1174401	1174600
1175201	1175400
1175801	1176000
1176401	1176600
1177001	1177200
1177601	1177800
1178201	1178400
1178601	1178800
1178801	1179000
1179201	1179400
1182401	1182600
1183001	1183200
1183801	1184000
1185801	1186000
1186201	1186400
1186601	1186800
1187601	1187800
1187801	1188000
1189201	1189400
1189801	1190000
1190001	1190200
1190201	1190400
1190601	1190800
1191001	1191200
1191401	1191600
1191801	1192000
1192201	1192400
1192401	1192600
1192601	1192800
1192801	1193000
1193001	1193200
1194401	1194600
1195801	1196000
1197401	1197600
1198601	1198800
1199401	1199600
1199601	1199800
1199801	1200000
1201001	1201200
1201401	1201600
1202001	1202200
1202601	1202800
1203801	1204000
1204201	1204400
1204401	1204600
1204601	1204800
1208001	1208200
1208401	1208600
1209201	1209400
1209601	1209800
1210201	1210400
1211201	1211400
1211801	1212000
1212001	1212200
1213001	1213200
1213201	1213400
1214201	1214400
1216801	1217000
1217401	1217600
1217601	1217800
1218001	1218200
1218201	1218400
1219001	1219200
1221001	1221200
1221801	1222000
1222201	1222400
1222401	1222600
1222601	1222800
1223801	1224000
1224001	1224200
1225201	1225400
1226001	1226200
1226801	1227000
1228201	1228400
1228401	1228600
1230401	1230600
1230801	1231000
1231601	1231800
1232201	1232400
1234401	1234600
1234801	1235000
1236201	1236400
1236401	1236600
1237001	1237200
1237201	1237400
1237401	1237600
1238001	1238200
1239001	1239200
1240801	1241000
1241001	1241200
1241601	1241800
1246801	1247000
1247201	1247400
1247801	1248000
1248601	1248800
1249801	1250000
1250601	1250800
1251401	1251600
1252001	1252200
1252201	1252400
1252401	1252600
1252601	1252800
1255801	1256000
1256601	1256800
1257001	1257200
1257601	1257800
1257801	1258000
1258401	1258600
1258601	1258800
1258801	1259000
1259001	1259200
1259401	1259600
1259801	1260000
1260601	1260800
1261001	1261200
1262801	1263000
1264401	1264600
1267801	1268000
1268001	1268200
1268601	1268800
1269601	1269800
1271001	1271200
1272201	1272400
1273201	1273400
1275001	1275200
1275401	1275600
1276601	1276800
1277601	1277800
1278001	1278200
1278401	1278600
1279401	1279600
1279801	1280000
1283001	1283200
1283601	1283800
1285001	1285200
1285401	1285600
1285801	1286000
1287601	1287800
1287801	1288000
1288401	1288600
1289201	1289400
1291001	1291200
1294601	1294800
1295401	1295600
1295601	1295800
1296201	1296400
1300401	1300600
1300601	1300800
1301601	1301800
1302601	1302800
1303001	1303200
1304001	1304200
1304201	1304400
1305801	1306000
1307601	1307800
1308601	1308800
1310201	1310400
1311001	1311200
1311401	1311600
1312401	1312600
1316001	1316200
1316401	1316600
1316801	1317000
1317201	1317400
1318401	1318600
1318601	1318800
1320201	1320400
1320401	1320600
1320601	1320800
1323801	1324000
1326401	1326600
1328001	1328200
1328401	1328600
1329401	1329600
1331401	1331600
1331801	1332000
1332601	1332800
1333201	1333400
1334401	1334600
1334601	1334800
1335201	1335400
1336201	1336400
1336401	1336600
1338001	1338200
1338801	1339000
1339201	1339400
1339801	1340000
1340001	1340200
1341001	1341200
1342401	1342600
1342801	1343000
1343001	1343200
1343201	1343400
1344801	1345000
1346401	1346600
1347801	1348000
1349201	1349400
1349401	1349600
1351201	1351400
1351401	1351600
1352001	1352200
1356201	1356400
1356401	1356600
1358401	1358600
1359201	1359400
1360601	1360800
1360801	1361000
1361201	1361400
1362201	1362400
1363801	1364000
1365801	1366000
1366401	1366600
1366601	1366800
1367401	1367600
1368201	1368400
1368401	1368600
1368601	1368800
1369201	1369400
1370801	1371000
1371601	1371800
1372401	1372600
1372601	1372800
1372801	1373000
1373401	1373600
1373801	1374000
1374001	1374200
1375001	1375200
1375201	1375400
1376001	1376200
1376401	1376600
1379201	1379400
1379401	1379600
1379601	1379800
1382801	1383000
1383401	1383600
1384201	1384400
1384401	1384600
1384601	1384800
1384801	1385000
1387401	1387600
1388401	1388600
1388601	1388800
1389001	1389200
1390201	1390400
1391401	1391600
1391801	1392000
1392001	1392200
1393201	1393400
1393601	1393800
1395001	1395200
1396801	1397000
1398001	1398200
1398601	1398800
1399001	1399200
1400601	1400800
1401201	1401400
1401401	1401600
1402401	1402600
1405001	1405200
1405201	1405400
1406201	1406400
1407401	1407600
1407601	1407800
1407801	1408000
1408201	1408400
1408401	1408600
1410201	1410400
1411401	1411600
1412601	1412800
1414201	1414400
1414801	1415000
1417201	1417400
1417601	1417800
1418801	1419000
1419001	1419200
1420601	1420800
1421201	1421400
1421801	1422000
1422601	1422800
1423601	1423800
1424201	1424400
1427001	1427200
1427401	1427600
1428801	1429000
1430001	1430200
1430201	1430400
1430601	1430800
1434201	1434400
1434401	1434600
1435001	1435200
1436201	1436400
1436601	1436800
1438201	1438400
1439201	1439400
1440601	1440800
1441801	1442000
1442001	1442200
1442801	1443000
1444001	1444200
1444401	1444600
1446201	1446400
1446601	1446800
1447001	1447200
1447601	1447800
1447801	1448000
1448401	1448600
1449401	1449600
1449601	1449800
1450201	1450400
1451201	1451400
1452201	1452400
1452601	1452800
1453601	1453800
1453801	1454000
1454601	1454800
1455201	1455400
1455601	1455800
1455801	1456000
1456201	1456400
1456401	1456600
1456601	1456800
1456801	1457000
1457401	1457600
1457801	1458000
1460201	1460400
1462801	1463000
1463401	1463600
1463801	1464000
1464401	1464600
1464801	1465000
1465801	1466000
1466801	1467000
1468001	1468200
1468601	1468800
1469601	1469800
1470001	1470200
1470401	1470600
1470801	1471000
1471801	1472000
1472601	1472800
1475601	1475800
1476801	1477000
1477401	1477600
1477601	1477800
1478001	1478200
1478201	1478400
1478601	1478800
1482601	1482800
1487201	1487400
1487801	1488000
1488201	1488400
1488401	1488600
1488601	1488800
1489401	1489600
1489601	1489800
1493601	1493800
1493801	1494000
1494201	1494400
1494401	1494600
1494601	1494800
1497001	1497200
1497601	1497800
1500001	1500200
1500401	1500600
1501201	1501400
1501601	1501800
1502601	1502800
1504401	1504600
1506401	1506600
1508001	1508200
1508401	1508600
1508601	1508800
1509001	1509200
1511801	1512000
1512201	1512400
1512401	1512600
1513001	1513200
1515801	1516000
1516201	1516400
1517401	1517600
1517801	1518000
1519401	1519600
1519601	1519800
1519801	1520000
1520001	1520200
1520201	1520400
1520801	1521000
1521001	1521200
1521201	1521400
1521801	1522000
1523201	1523400
1523401	1523600
1524601	1524800
1524801	1525000
1525201	1525400
1525801	1526000
1526601	1526800
1527201	1527400
1527601	1527800
1527801	1528000
1528201	1528400
1528401	1528600
1528601	1528800
1528801	1529000
1529201	1529400
1529401	1529600
1529601	1529800
1530001	1530200
1530401	1530600
1531001	1531200
1531201	1531400
1532201	1532400
1532401	1532600
1533001	1533200
1533401	1533600
1533601	1533800
1534001	1534200
1534601	1534800
1535201	1535400
1535401	1535600
1535801	1536000
1536001	1536200
1536401	1536600
1536801	1537000
1537601	1537800
1538801	1539000
1539001	1539200
1539201	1539400
1539401	1539600
1539601	1539800
1539801	1540000
1540801	1541000
1541001	1541200
1542801	1543000
1543601	1543800
1544001	1544200
1544201	1544400
1544401	1544600
1544801	1545000
1545401	1545600
1546201	1546400
1547201	1547400
1547801	1548000
1548601	1548800
1550601	1550800
1552001	1552200
1553001	1553200
1553401	1553600
1554601	1554800
1556601	1556800
1558001	1558200
1558601	1558800
1559001	1559200
1559801	1560000
1560401	1560600
1560601	1560800
1562201	1562400
1562801	1563000
1563201	1563400
1563801	1564000
1564201	1564400
1565201	1565400
1566801	1567000
1568001	1568200
1568601	1568800
1569801	1570000
1570001	1570200
1570401	1570600
1570601	1570800
1570801	1571000
1571401	1571600
1577001	1577200
1582801	1583000
1583601	1583800
1603201	1603400
1603601	1603800
1605201	1605400
1606001	1606200
1606401	1606600
1607001	1607200
1607201	1607400
1608201	1608400
1608601	1608800
1609001	1609200
1609601	1609800
1612201	1612400
1612401	1612600
1612801	1613000
1613401	1613600
1615601	1615800
1615801	1616000
1616401	1616600
1616601	1616800
1617801	1618000
1618401	1618600
1618601	1618800
1619601	1619800
1619801	1620000
1620001	1620200
1620601	1620800
1622801	1623000
1623001	1623200
1623401	1623600
1626001	1626200
1626201	1626400
1626601	1626800
1627001	1627200
1627201	1627400
1627601	1627800
1628401	1628600
1629601	1629800
1630001	1630200
1630401	1630600
1630601	1630800
1631401	1631600
1631601	1631800
1632601	1632800
1633001	1633200
1633601	1633800
1636001	1636200
1636401	1636600
1639601	1639800
1640401	1640600
1642001	1642200
1642601	1642800
1643601	1643800
1643801	1644000
1645201	1645400
1646401	1646600
1646601	1646800
1647001	1647200
1647201	1647400
1648201	1648400
1648401	1648600
1649401	1649600
1651601	1651800
1652601	1652800
1654001	1654200
1654801	1655000
1655001	1655200
1655201	1655400
1656001	1656200
1656201	1656400
1656401	1656600
1657001	1657200
1657201	1657400
1657401	1657600
1658201	1658400
1658401	1658600
1659401	1659600
1660001	1660200
1660601	1660800
1661201	1661400
1664201	1664400
1664601	1664800
1665001	1665200
1665201	1665400
1665601	1665800
1665801	1666000
1666401	1666600
1669201	1669400
1669801	1670000
1670201	1670400
1670401	1670600
1670601	1670800
1670801	1671000
1671201	1671400
1671801	1672000
1672001	1672200
1672601	1672800
1673201	1673400
1674001	1674200
1674801	1675000
1675801	1676000
1676001	1676200
1676401	1676600
1677401	1677600
1678001	1678200
1678601	1678800
1678801	1679000
1679401	1679600
1680001	1680200
1680601	1680800
1681001	1681200
1681601	1681800
1682801	1683000
1683001	1683200
1683601	1683800
1684201	1684400
1684401	1684600
1684801	1685000
1685001	1685200
1685601	1685800
1687001	1687200
1687401	1687600
